A Coruña 8 1.23572 0.92821 1.31356 0.71141
Álava 4 0.65460 0.64289 1.30687 0.42067
Albacete 4 1.28307 1.27942 0.67377 1.04594
Alicante 12 1.14380 0.94775 1.10867 1.22398
Almería 6 1.32451 1.31031 0.61907 1.03087
Asturias 7 1.04979 1.05725 1.03243 0.97344
Ávila 3 1.61003 0.90050 0.56534 1.12347
Badajoz 6 1.20091 1.69060 0.57309 0.81479
Baleares 8 1.01219 0.83189 1.11568 1.06102
Barcelona 32 0.392409 0.73921 1.30252 0.97272
Burgos 4 1.32591 0.94094 0.82527 1.11558
Cáceres 4 1.23085 1.54748 0.67377 0.81838
Cádiz 9 0.96623 1.27215 0.97677 1.05384
Cantabria 5 1.28621 1.01863 0.86350 1.09476
Castellón 5 1.10898 1.04163 1.16747 1.12132
Ceuta 1 1.56302 1.04816 0.70090 0.95406
Ciudad Real 5 1.33774 1.41436 0.60261 0.88514
Córdoba 6 1.05884 1.45661 0.71007 0.85642
Cuenca 3 1.45996 1.38937 0.56292 0.77315
Girona 6 0.29701 0.57519 0.78703 0.70711
Granada 7 1.08426 1.40845 0.79090 0.99713
Guadalajara 3 1.21135 1.02363 0.84511 1.29648
Gipuzkoa 6 0.30258 0.60473 1.22314 0.26705
Huelva 5 1.00209 1.67832 0.73620 0.85212
Huesca 3 1.13510 1.12267 0.86641 1.16368
Jaén 5 1.09680 1.74284 0.60503 0.76669
La Rioja 4 1.33531 1.07724 0.76573 1.08615
Las Palmas 8 0.98120 1.01772 1.27977 0.88083
León 4 1.24025 1.15266 0.84947 0.93108
Lérida 4 0.39206 0.56656 0.74250 0.64537
Lugo 4 1.48015 1.08950 0.93224 0.54559
Madrid 37 1.16504 0.81236 1.00968 1.34961
Málaga 11 1.00870 1.22308 0.82720 1.22541
Melilla 1 1.52960 1.11722 0.55373 1.11630
Murcia 10 1.40808 0.92321 0.73379 1.26848
Navarra 5 1.00731 0.70559 1.11278 0.50610
Ourense 4 1.56372 1.05407 0.86350 0.56497
Palencia 3 1.40460 1.11586 0.64908 1.01651
Pontevedra 7 1.19986 0.94593 1.35286 0.64609
Salamanca 4 1.48816 0.98819 0.59245 1.20962
Segovia 3 1.37326 0.97819 0.69022 1.22469
Sevilla 12 0.87709 1.54294 0.92062 0.93467
Soria 2 1.62300 1.08224 0.77590 1.08902
Tarragona 6 0.42549 0.71786 0.99952 1.02154
Santa Cruz de Tenerife 7 1.00731 0.97867 0.96128 0.75449
Teruel 3 1.26950 1.24105 0.73814 1.05671
Toledo 6 1.35063 1.26124 0.65924 0.99067
Valencia 15 1.05223 0.91239 1.30978 1.08615
Valladolid 5 1.28691 0.98092 0.73717 1.22828
Vizcaya 8 0.39624 0.58928 1.26331 0.27495
Zamora 3 1.48259 1.04407 0.67715 0.92749
Zaragoza 7 1.05536 1.01318 0.92933 1.27854
