Vizcaya 8 0.43353 0.69282 1.2376 0.19546 0.22515
Guipúzcoa 6 0.3012 0.6569 1.20615 0.18033 0.15887
Álava 4 0.82335 0.78103 1.23899 0.25095 0.30799
Navarra 5 0.9005 0.89784 1.30398 0.9005 0.47076
Murcia 10 1.40359 0.86297 0.72537 1.23203 1.81676
Melilla 1 1.43174 0.72245 0.26695 0.81148 1.6423
Madrid 37 1.11617 0.95119 1.13487 1.31967 1.35088
LaRioja 4 1.58862 1.1053 0.8239 1.12295 0.87524
Pontevedra 7 1.49701 1.12587 1.22222 0.69861 0.46199
Ourense 4 2.08443 1.15028 0.62544 0.67844 0.49805
Lugo 4 2.01257 1.159 0.7086 0.56053 0.55945
ACoruña 8 1.52695 1.09519 1.03354 0.7604 0.54873
Cáceres 4 1.37904 1.30404 0.68064 1.07629 1.01559
Badajoz 6 1.22216 1.34205 0.65339 1.16709 1.07115
Valencia 15 1.05329 0.94491 1.01398 1.10151 1.1384
Castellón 5 1.22036 1.0272 0.97205 1.02711 1.16862
Alicante 12 1.17006 0.9857 0.97065 1.22131 1.22515
Ceuta 1 1.28383 1.26674 0.33613 0.7541 2.33528
Tarragona 6 0.30599 0.74791 0.85185 0.78941 0.46881
Lleida 4 0.29641 0.58159 0.57932 0.53468 0.25926
Girona 6 0.19401 0.59693 0.67785 0.56053 0.2729
Barcelona 32 0.2994 0.85983 1.14326 0.75473 0.35088
Zamora 3 1.77246 1.09066 0.58001 1.06936 1.13645
Valladolid 5 1.3976 1.00732 0.81342 1.26923 1.33236
Soria 2 1.59641 1.10635 0.60028 1.02963 0.91033
Segovia 3 1.61138 0.98257 0.67296 1.25851 1.20858
Salamanca 4 1.71377 0.98117 0.54647 1.3058 1.23879
Palencia 3 1.77186 1.09205 0.64221 1.00063 1.1423
León 4 1.40898 1.14191 0.83997 1.10214 1.12573
Burgos 4 1.47246 1.02057 0.87212 1.25032 1.08285
Ávila 3 1.88024 0.90307 0.5276 1.18096 1.39961
Toledo 6 1.31557 1.08543 0.73725 1.10656 1.64425
Guadalajara 3 1.2024 1.0387 0.85674 1.18474 1.60624
Cuenca 3 1.60419 1.24407 0.55276 0.86885 1.36647
CiudadReal 5 1.41856 1.19491 0.63941 1.08827 1.33723
Albacete 4 1.32515 1.11506 0.73934 1.17907 1.41326
Cantabria 5 1.3 0.87831 0.71419 0.9546 1.08772
SantaCruzdeTenerife 7 0.88683 0.95363 1.02446 0.87453 0.59259
LasPalmas 8 0.97066 0.98745 1.16841 0.97163 0.68226
Baleares 8 1.00838 0.91841 1.24528 1.09899 1.09942
Asturias 7 1.07246 1.15516 1.19846 1.05359 1.11988
Zaragoza 7 1.07605 1.0917 0.97624 1.31526 1.24366
Teruel 3 1.42395 1.14156 0.73864 1.24464 1.03899
Huesca 3 1.20539 1.14923 0.95388 1.23707 1.04094
Sevilla 12 0.86946 1.29463 1.1153 1.0517 1.19006
Málaga 11 1.06048 1.07531 1.01188 1.23014 1.36355
Jaén 5 1.17365 1.37727 0.73655 1.00189 1.18324
Huelva 5 1.01916 1.2887 0.90636 1.06747 1.25244
Granada 7 1.10479 1.18166 0.95108 1.09458 1.37524
Córdoba 6 1.12874 1.20014 1.03145 1.06431 1.17154
Cádiz 9 0.89222 1.09833 1.15793 1.24275 1.2768
Almería 6 1.3491 1.04916 0.61565 1.08071 1.86647
