19.0 26.3 14.0 7.5 15.6
20.1 26.9 13.4 6.5 15.6
20.4 27.1 13.7 7.3 15.5
20.1 27.3 13.5 7.8 15.2
19.9 26.8 13.0 7.0 15.6
20.2 27.3 13.1 8.1 14.8
20.4 27.1 12.8 8.4 14.7
19.0 26.6 12.8 8.2 15.0
20.8 27.2 12.8 8.7 14.1
20.6 25.1 12.9 8.5 14.3
19.6 28.0 11.5 10.1 13.9
20.3 28.5 12.0 8.8 13.7
22.2 27.2 12.7 8.8 12.8
19.5 27.7 13.4 8.0 14.2
22.7 27.3 12.1 8.8 12.2
21.6 27.4 11.2 8.0 14.9
22.0 27.9 11.8 9.9 10.5
21.2 27.3 12.4 8.3 13.7
19.4 26.8 12.5 10.0 13.6
19.4 26.0 13.0 10.0 14.0
20.6 27.5 13.5 8.9 13.4
22.5 27.1 12.6 9.0 12.1
22.2 27.2 12.2 9.3 11.8
21.0 25.5 12.2 9.3 12.2
20.8 27.0 13.1 8.6 13.0
21.7 27.3 12.7 8.9 13.5
22.2 27.7 12.9 10.0 10.5
23.0 27.5 12.1 9.0 11.3
22.8 26.5 12.9 9.8 11.1
21.4 27.3 12.7 8.8 12.0
23.0 28.7 11.2 8.3 11.9
20.6 29.6 11.3 11.2 9.0
21.5 26.1 11.8 9.7 11.7
22.8 27.2 12.7 9.8 10.6
21.7 26.7 12.3 9.4 11.8
22.3 27.0 13.4 11.1 9.1
20.6 27.5 13.2 9.8 10.7
20.9 27.4 12.3 9.3 10.5
22.2 28.4 11.9 8.6 11.8
22.5 26.4 13.4 10.6 9.8
21.3 27.9 12.6 10.0 10.2
20.0 28.4 12.1 11.6 9.1
21.8 27.2 13.9 12.2 7.5
19.1 29.1 12.5 10.0 12.2
20.9 27.2 12.4 11.0 10.6
20.7 27.2 11.7 10.6 10.9
22.1 26.1 13.5 11.7 8.5
20.5 29.9 11.2 11.7 7.7
20.1 28.3 12.0 10.7 10.8
19.6 28.0 12.2 10.4 10.3
21.2 28.9 12.2 10.1 9.2
