ACoruña 8 1.21284 0.96205 1.09336 0.71954
Álava 4 0.61883 0.69550 1.46303 0.38238
Albacete 4 1.23918 1.19903 0.72442 1.11648
Alicante 12 1.14169 0.94616 1.04408 1.21307
Almería 6 1.30457 1.22330 0.62180 1.04751
Asturias 7 1.06812 1.09620 1.13184 0.96782
Ávila 3 1.56191 0.85878 0.59716 1.09195
Badajoz 6 1.19952 1.56145 0.58957 0.81839
Baleares 8 1.06237 0.88703 1.20800 1.11648
Barcelona 32 0.40993 0.74316 1.24313 0.88352
Burgos 4 1.30033 0.97617 0.81818 1.12337
Cáceres 4 1.22495 1.47264 0.66303 0.78851
Cádiz 9 0.97850 1.25949 1.00284 1.09502
Cantabria 5 1.25825 1.03928 0.84198 1.10421
Castellón 5 1.08174 0.97529 1.14171 1.13027
Ceuta 1 1.57160 0.99735 0.51659 0.88276
CiudadReal 5 1.32001 1.29082 0.63637 0.90728
Córdoba 6 1.04269 1.37688 0.89953 0.94713
Cuenca 3 1.38632 1.31244 0.62494 0.72720
Girona 6 0.30487 0.55296 0.81991 0.59080
Granada 7 1.06993 1.36717 0.83744 1.03218
Guadalajara 3 1.19952 1.01677 0.86149 1.25670
Gipuzkoa 6 0.29155 0.62224 1.32561 1.24291
Huelva 5 1.01029 1.58297 0.77297 0.89349
Huesca 3 1.10354 1.13460 0.91147 1.18084
Jaén 5 1.07236 1.65137 0.67773 0.80307
LaRioja 4 1.29064 1.07370 0.78578 1.07126
LasPalmas 8 1.02695 1.04898 1.07092 0.99310
León 4 1.21677 1.15931 0.83128 0.97931
Lérida 4 0.40932 0.54898 0.78863 0.53180
Lugo 4 1.43688 1.04854 0.80284 0.53027
Madrid 37 1.15864 0.86584 1.00616 1.36015
Málaga 11 1.04208 1.19462 0.89576 1.24828
Melilla 1 1.51075 1.08738 0.46303 0.94870
Murcia 10 1.41508 0.89541 0.68200 1.20230
Navarra 5 0.96518 0.76611 1.34265 0.46667
Ourense 4 1.50257 1.03177 0.74717 0.54100
Palencia 3 1.38420 1.08738 0.70711 0.94559
Pontevedra 7 1.15955 0.96470 1.19384 0.68123
Salamanca 4 1.46261 0.94395 0.59052 1.20843
Segovia 3 1.37632 0.94837 0.71966 1.17395
Sevilla 12 0.87860 1.48720 0.98762 1.02222
Soria 2 1.36058 1.13636 0.72322 0.87510
Tarragona 6 0.45012 0.69109 1.03507 0.86820
SantaCruzdeTenerife 7 1.03633 0.93733 0.84960 0.84444
Teruel 3 1.25159 1.16200 0.79391 1.00843
Toledo 6 1.31608 1.17741 0.68768 0.99693
Valencia 15 1.03118 0.88923 1.31280 1.10958
Valladolid 5 1.26793 1.00530 0.77109 1.19464
Vizcaya 8 0.38420 0.61430 1.36777 0.25364
Zamora 3 1.46231 1.05605 0.66730 0.87586
Zaragoza 7 1.05843 1.07899 0.95924 1.28888
