ACoruña 8 1.22199 0.94851 1.18144 0.71629
Álava 4 0.63314 0.67446 1.40057 0.3977
Albacete 4 1.25674 1.23119 0.70416 1.08826
Alicante 12 1.14253 0.9468 1.06992 1.21743
Almería 6 1.31255 1.2581 0.62071 1.04085
Asturias 7 1.06079 1.08062 1.09208 0.97007
Ávila 3 1.58116 0.87547 0.58443 1.10456
Badajoz 6 1.20008 1.61311 0.58298 0.81695
Baleares 8 1.0423 0.86497 1.17107 1.0943
Barcelona 32 0.40292 0.74158 1.26689 0.9192
Burgos 4 1.31056 0.96208 0.82102 1.12025
Cáceres 4 1.22731 1.50258 0.66733 0.80046
Cádiz 9 0.97359 1.26455 0.99241 1.07855
Cantabria 5 1.26943 1.03102 0.85059 1.10043
Castellón 5 1.09264 1.00183 1.15201 1.12669
Ceuta 1 1.56817 1.01767 0.59031 0.91128
CiudadReal 5 1.3271 1.34024 0.62287 0.89842
Córdoba 6 1.04915 1.40877 0.82375 0.91085
Cuenca 3 1.41578 1.34321 0.60013 0.74558
Girona 6 0.30173 0.56185 0.80676 0.63732
Granada 7 1.07566 1.38368 0.81882 1.01816
Guadalajara 3 1.20425 1.01951 0.85494 1.27261
Gipuzkoa 6 0.29596 0.61524 1.28462 0.85257
Huelva 5 1.00701 1.62111 0.75826 0.87694
Huesca 3 1.11616 1.12983 0.89345 1.17398
Jaén 5 1.08214 1.68796 0.64865 0.78852
LaRioja 4 1.30851 1.07512 0.77776 1.07722
LasPalmas 8 1.00865 1.03648 1.15446 0.94819
León 4 1.22616 1.15665 0.83856 0.96002
Lérida 4 0.40242 0.55601 0.77018 0.57723
Lugo 4 1.45419 1.06492 0.8546 0.5364
Madrid 37 1.1612 0.84445 1.00757 1.35593
Málaga 11 1.02873 1.206 0.86834 1.23913
Melilla 1 1.51829 1.09932 0.49931 1.01574
Murcia 10 1.41228 0.90653 0.70272 1.22877
Navarra 5 0.98203 0.7419 1.2507 0.48244
Ourense 4 1.52703 1.04069 0.7937 0.55059
Palencia 3 1.39236 1.09877 0.6839 0.97396
Pontevedra 7 1.17567 0.95719 1.25745 0.66717
Salamanca 4 1.47283 0.96165 0.59129 1.20891
Segovia 3 1.3751 0.9603 0.70788 1.19425
Sevilla 12 0.878 1.5095 0.96082 0.9872
Soria 2 1.46555 1.11471 0.74429 0.96067
Tarragona 6 0.44027 0.7018 1.02085 0.92954
SantaCruzdeTenerife 7 1.02472 0.95387 0.89427 0.80846
Teruel 3 1.25875 1.19362 0.7716 1.02774
Toledo 6 1.3299 1.21094 0.6763 0.99443
Valencia 15 1.0396 0.89849 1.31159 1.10021
Valladolid 5 1.27552 0.99555 0.75752 1.2081
Vizcaya 8 0.38902 0.60429 1.32599 0.26216
Zamora 3 1.47042 1.05126 0.67124 0.89651
Zaragoza 7 1.0572 1.05267 0.94728 1.28474
