20.1 31.5 12.1 13.9 11.4
23.8 28.1 13.0 14.9 9.0
23.5 28.9 13.5 15.1 7.9
19.8 29.8 14.1 15.1 10.0
18.3 30.9 13.6 13.8 10.5
20.4 29.0 13.7 15.5 10.4
20.1 30.3 13.2 15.0 10.2
17.8 28.8 13.2 14.1 12.5
18.6 31.0 13.4 15.5 11.0
23.8 28.1 12.9 15.8 7.7
21.3 28.9 12.8 14.9 12.2
20.8 27.9 13.2 16.6 11.7
19.1 29.9 13.0 15.4 11.2
22.3 27.8 12.2 13.1 14.2
20.9 31.3 12.3 13.2 11.8
19.3 30.4 13.5 15.3 9.6
18.6 31.0 13.4 15.8 9.5
21.0 31.1 11.4 14.4 11.2
20.8 27.1 13.2 16.4 12.7
21.3 30.9 12.0 13.5 11.2
24.1 27.5 12.1 15.8 9.1
21.3 30.9 12.0 13.5 11.2
23.9 27.3 13.1 15.9 7.8
19.4 31.0 13.2 16.0 9.8
24.0 26.9 12.3 16.1 9.4
20.0 31.5 12.9 15.5 9.3
16.7 30.5 14.4 15.5 9.8
21.0 29.8 12.0 14.5 10.6
20.9 31.1 11.5 14.9 9.8
23.6 27.2 12.2 15.7 8.7
23.1 26.7 11.9 16.5 10.3
18.8 29.0 12.6 16.1 11.9
21.6 30.0 13.7 14.0 9.5
21.0 27.7 13.4 16.9 11.2
22.9 27.0 12.1 16.7 9.1
20.0 31.0 11.9 14.9 10.1
19.0 28.7 14.0 16.3 11.7
19.5 30.5 12.4 14.4 11.0
22.4 26.9 12.0 17.1 10.7
18.9 26.9 13.4 13.8 13.9
19.3 27.1 13.8 17.7 10.2
